dot:10,10,20
dot:15,10,20
dot:10,15,20
dot:15,15,20

dot:10,10,30
dot:15,10,30
dot:10,15,30
dot:15,15,30

dot:12.5,12.5,20
dot:12.5,10,20
dot:10,12.5,20
dot:15,12.5,20
dot:12.5,15,20

dot:12.5,12.5,25
dot:12.5,10,25
dot:10,12.5,25
dot:15,12.5,25
dot:12.5,15,25

dot:12.5,12.5,30
dot:12.5,10,30
dot:10,12.5,30
dot:15,12.5,30
dot:12.5,15,30


line:10,10,20;12.5,12.5,20
line:10,10,20;12.5,10,20
line:10,10,20;15,12.5,20
line:10,10,20;12.5,15,20
line:10,10,20;10,12.5,20

line:10,10,20;12.5,10,30
line:10,10,20;10,12.5,30
line:10,10,20;15,12.5,30
line:10,10,20;12.5,15,30
line:10,10,20;12.5,12.5,30

line:15,15,20;12.5,12.5,20
line:15,15,20;12.5,10,20
line:15,15,20;15,12.5,20
line:15,15,20;12.5,15,20
line:15,15,20;10,12.5,20

line:15,15,20;12.5,10,30
line:15,15,20;10,12.5,30
line:15,15,20;15,12.5,30
line:15,15,20;12.5,15,30
line:15,15,20;12.5,12.5,30

line:15,10,20;12.5,12.5,20
line:15,10,20;12.5,10,20
line:15,10,20;15,12.5,20
line:15,10,20;12.5,15,20
line:15,10,20;10,12.5,20

line:15,10,20;12.5,10,30
line:15,10,20;10,12.5,30
line:15,10,20;15,12.5,30
line:15,10,20;12.5,15,30
line:15,10,20;12.5,12.5,30

line:10,15,20;12.5,12.5,20
line:10,15,20;12.5,10,20
line:10,15,20;15,12.5,20
line:10,15,20;12.5,15,20
line:10,15,20;10,12.5,20

line:10,15,20;12.5,10,30
line:10,15,20;10,12.5,30
line:10,15,20;15,12.5,30
line:10,15,20;12.5,15,30
line:10,15,20;12.5,12.5,30

line:15,10,25;12.5,10,30
line:15,10,25;10,12.5,30
line:15,10,25;15,12.5,30
line:15,10,25;12.5,15,30
line:15,10,25;12.5,12.5,30

line:10,15,25;12.5,12.5,20
line:10,15,25;12.5,10,20
line:10,15,25;15,12.5,20
line:10,15,25;12.5,15,20
line:10,15,25;10,12.5,20

line:10,15,25;12.5,10,30
line:10,15,25;10,12.5,30
line:10,15,25;15,12.5,30
line:10,15,25;12.5,15,30
line:10,15,25;12.5,12.5,30

line:15,10,20;12.5,10,25
line:15,10,20;10,12.5,25
line:15,10,20;15,12.5,25
line:15,10,20;12.5,15,25
line:15,10,20;12.5,12.5,325

line:10,15,20;12.5,12.5,20
line:10,15,20;12.5,10,20
line:10,15,20;15,12.5,20
line:10,15,20;12.5,15,20
line:10,15,20;10,12.5,20

line:10,15,20;12.5,10,30
line:10,15,20;10,12.5,30
line:10,15,20;15,12.5,30
line:10,15,20;12.5,15,30
line:10,15,20;12.5,12.5,30


line:10,12.5,20;12.5,12.5,20
line:12.5,12.5,20;12.5,15,20
line:12.5,15,20;15,12.5,20
line:15,12.5,20;12.5,12.5,20
line:12.5,12.5,20;12.5,10,20

line:10,12.5,30;12.5,12.5,30
line:12.5,12.5,30;12.5,15,30
line:12.5,15,30;15,12.5,30
line:15,12.5,30;12.5,12.5,30
line:12.5,12.5,30;12.5,10,30

line:10,10,20;15,10,20
line:15,10,20;15,15,20
line:15,15,20;10,15,20
line:10,15,20;10,10,20

line:10,10,30;15,10,30
line:15,10,30;15,15,30
line:15,15,30;10,15,30
line:10,15,30;10,10,30

line:10,10,20;10,10,30
line:10,15,20;10,15,30
line:15,15,20;15,15,30
line:15,10,20;15,10,30

line:10,10,20;15,15,30
line:15,10,20;10,15,30
line:10,15,20;15,10,30
line:15,15,20;10,10,30